
877cb5s 5782911 4631101 1747226814
7a70e9b 7070285 4211835 1747226814
e855dab 6397339 4722994 1747226826
ca1528s 7169858 3641827 1747226901
5499c6b 6525054 3357715 1747226908
26d36dr 6007846 4608183 1747226945
e3967fb 5218631 3580514 1747226972
089d6er 5923813 3675964 1747226994
0f8752r 6320675 3057261 1747227007
cf7868b 6616896 2847928 1747227017
b13eecb 5522195 3828903 1747227046
391a1as 6527995 3630948 1747227182
4f0570b 7008167 3165308 1747227218
091a78s 6687978 4397130 1747227223
98bdfcb 5887684 2804756 1747227293
f3e631b 5766239 3966364 1747227306
a9c025r 6103802 3736612 1747227324
4ee62ds 6460982 3946940 1747227480
708db8s 5804892 2905036 1747227486
a1711es 6392015 3646863 1747227499
621101r 5807421 4569721 1747227528
a862e1r 5529393 4067400 1747227532
dba626b 5300061 3340930 1747227539
8c05e5b 6722168 3021986 1747227643
471e13b 5328411 4082563 1747227710
31fbc3b 5981612 4409496 1747227711
c5e189r 6905687 3747149 1747227749
525675r 6745462 4100604 1747227755
4c7214b 5266316 4107872 1747227794
cdc840r 6424123 3832304 1747227877
640fb1r 6336922 4653716 1747227885
3dbd16r 6651231 3695320 1747227917
d7e68db 5931798 4028788 1747227922
eb142er 5794963 3550896 1747227932
ee7314r 5515376 3659900 1747227946
a0bd31r 5439583 4279493 1747227990
ee8192b 6258548 3589235 1747228054
e3870fs 6583952 2870174 1747228055
b6dd32b 5439941 3747274 1747228112
e836aas 6428036 4682084 1747228125
8d65c2b 5891096 4101728 1747228135
e92a3bb 5328906 3294071 1747228188
1a73e3s 6384900 3339156 1747228226
530a8eb 5617840 2977763 1747228231
23cff0s 6500075 4636793 1747228283
ce9b9es 7044950 4223855 1747228284
60d1d7s 6044947 3649949 1747228299
2eb914b 5739027 4051485 1747228312
642957b 6598308 2835192 1747228315
fb8998b 7140436 3415060 1747228540
69171eb 6717868 3706401 1747228595
0c702as 6737008 4163778 1747228607
58d35cr 6122227 4098155 1747228629
0523e4b 5519213 4405156 1747228649
c582c3b 5675630 3152036 1747228725
467ed0b 5938579 4360037 1747228754
1bd6c5b 6487892 4120080 1747228830
6f8de9b 6715929 3021114 1747228873
4589ddr 6812790 4440421 1747228888
df9cbfs 5253106 3741971 1747228910
8ab3ffb 5810541 2832303 1747228987
8c08e7s 5976880 4228200 1747229156
06226db 7190952 3863540 1747229171
f14ad5r 5717632 3111537 1747229185
e0a5bds 5488799 3854111 1747229280
c1010fr 7169995 3563704 1747229320
042cd9b 6673693 4622273 1747229447
14011cs 6064050 3631910 1747229461
872716s 6176155 3339188 1747229467
03493ab 5205316 3647476 1747229683
3b8a2cs 6051051 4057774 1747229720
9c3eb5b 5970030 4722722 1747229749
fe3bf0b 5570080 2977848 1747229786
1e3db4b 5595436 2962401 1747229793
78f4bdb 6965868 3107572 1747229798
46aa4cr 7106321 3529139 1747229906
