
29efdcs 5773974 3553128 1747626101492
e0101fs 5937004 2949069 1747626101722
2d6e13r 5798572 4099338 1747626189247
9c35f2r 5371342 4141811 1747626190897
20bba1b 7191583 3838682 1747626213247
f4921fb 5626170 4564356 1747626264377
79632db 7186395 3797735 1747626309044
e56484r 6861986 3716569 1747626352225
243895b 5900530 2800089 1747626395995
46a8b9b 6014791 3509798 1747626401678
bfbf09s 5932080 4666640 1747626414592
347520b 5324475 4120110 1747626426415
524716b 6565267 4455026 1747626426378
20bcc6r 5862541 3359731 1747626479132
cec0c3r 6053524 4327213 1747626551622
fb7525b 5299125 3320150 1747626554758
3cf7e5r 6152840 3940672 1747626617032
73a1b1s 6537885 4408814 1747626633658
1bc108b 6651450 4638732 1747626671242
cd8338b 6378064 2774466 1747626674148
aa8c9eb 5517776 4469268 1747626692805
ff5d63s 6365656 4213612 1747626707548
85db70s 6444986 3920112 1747626737285
e354f3b 5244440 4036945 1747626761528
f1d01er 5593682 4086658 1747626768235
52b179s 6027788 3274292 1747626782405
84b235r 6238562 3907707 1747626797748
b6e075b 6733652 4586844 1747626857424
2cdbb5b 6636650 2934750 1747626857384
0180b8r 6016374 3897476 1747626863374
eeef71s 5664070 4117285 1747626886387
beef8br 6445360 4280852 1747626888144
8622c1b 6260240 2754600 1747626920394
bd9d54b 7168499 3981714 1747626934717
e5f6a5b 6624200 4653680 1747626944870
d37cacb 6604272 2852320 1747626985543
1edbb9s 6204914 4032406 1747626988423
d50203b 6606376 2837608 1747627024176
58e84ds 6526955 4200936 1747627073086
90735db 5371705 3824505 1747627109523
70b220s 5677078 4003849 1747627143246
b33683r 6909844 4155932 1747627146059
174878b 5736632 4601431 1747627165452
588f1bb 5979432 4699040 1747627219555
8aa261r 6440779 3281838 1747627223975
9a7ef9b 7165424 3500576 1747627262431
ab1eb4r 5856221 4061026 1747627277214
433811b 6651868 3164707 1747627399950
39cb75b 5235312 3487307 1747627407467
485478s 6876794 3477134 1747627455106
92a427b 5208428 3646524 1747627550389
4c202eb 6493870 4696330 1747627573032
52f52ab 5491640 3895868 1747627662141
dce6d0s 5335692 4162357 1747627686784
